0, 0.129745, -0.806183, -0.567703
1, 0.152954, -0.805237, -0.545914
1, 0.166977, -0.811295, -0.565536
3, 0.170609, -0.817825, -0.599594
3, 0.148468, -0.812225, -0.616241
5, 0.115845, -0.835114, -0.629852
6, 0.079437, -0.843216, -0.660721
7, 0.045410, -0.836136, -0.689133
7, 0.017746, -0.826889, -0.684174
9, 0.005615, -0.817474, -0.652390
9, -0.003830, -0.804962, -0.619827
11, -0.008179, -0.800140, -0.596497
11, -0.007767, -0.798126, -0.572678
13, 0.002411, -0.799515, -0.554611
14, 0.005707, -0.815491, -0.532959
15, -0.000381, -0.820190, -0.533966
15, -0.014557, -0.815552, -0.557892
17, -0.031326, -0.806503, -0.588867
18, -0.048660, -0.792816, -0.609131
19, -0.067551, -0.778732, -0.603409
19, -0.075394, -0.770477, -0.596146
21, -0.070221, -0.783310, -0.562317
21, -0.075287, -0.776215, -0.576691
23, -0.043304, -0.791489, -0.550980
23, -0.063995, -0.784409, -0.554504
25, -0.033279, -0.798019, -0.543152
25, -0.046188, -0.805771, -0.566086
27, -0.062271, -0.804489, -0.598526
27, -0.073151, -0.803833, -0.621933
29, -0.092224, -0.791382, -0.605270
29, -0.100815, -0.774094, -0.580002
31, -0.084732, -0.774750, -0.578690
31, -0.066574, -0.789795, -0.585159
33, -0.049698, -0.802170, -0.594803
33, -0.019745, -0.801178, -0.625259
35, 0.012146, -0.797852, -0.665466
36, 0.038452, -0.800690, -0.706665
37, 0.063095, -0.794693, -0.734222
38, 0.085678, -0.786575, -0.731400
39, 0.091080, -0.785614, -0.700500
40, 0.064072, -0.775772, -0.662674
41, 0.054245, -0.757507, -0.641556
41, 0.065903, -0.758698, -0.621567
43, 0.103455, -0.769913, -0.573669
43, 0.083344, -0.765335, -0.593979
45, 0.136642, -0.760635, -0.572968
46, 0.179001, -0.750229, -0.582184
47, 0.219620, -0.751633, -0.594818
47, 0.246490, -0.757751, -0.612930
49, 0.250641, -0.765488, -0.642822
49, 0.241791, -0.765640, -0.680099
51, 0.187668, -0.778305, -0.698196
51, 0.219360, -0.769165, -0.684113
53, 0.170715, -0.783096, -0.736237
53, 0.160400, -0.796890, -0.743362
55, 0.147354, -0.800797, -0.724258
56, 0.140106, -0.787872, -0.690231
57, 0.147232, -0.775864, -0.666565
57, 0.160995, -0.783676, -0.654327
59, 0.242172, -0.716492, -0.667145
59, 0.183899, -0.744614, -0.655136
61, 0.279999, -0.770920, -0.650452
61, 0.231934, -0.835693, -0.650543
63, 0.116852, -0.868378, -0.645706
63, 0.014984, -0.838455, -0.634094
65, -0.030899, -0.802444, -0.596893
66, -0.041214, -0.773911, -0.555084
67, -0.054138, -0.750885, -0.519608
67, -0.071320, -0.724457, -0.501205
69, -0.080490, -0.724365, -0.484238
69, -0.107407, -0.771790, -0.480057
71, -0.167236, -0.795593, -0.484833
72, -0.215714, -0.796753, -0.501175
73, -0.258057, -0.772476, -0.519897
73, -0.277664, -0.724548, -0.529465
75, -0.283249, -0.697571, -0.488586
76, -0.295151, -0.699448, -0.431976
77, -0.315750, -0.722275, -0.357956
77, -0.349854, -0.738052, -0.301743
79, -0.366180, -0.715622, -0.310806
79, -0.353622, -0.676041, -0.367371
81, -0.331116, -0.649429, -0.453537
81, -0.264725, -0.648727, -0.546555
83, -0.146729, -0.664948, -0.644867
83, -0.011185, -0.669281, -0.739410
85, 0.116684, -0.663361, -0.810867
86, 0.236832, -0.666901, -0.876556
87, 0.319656, -0.672348, -0.940033
87, 0.362335, -0.697586, -0.973145
89, 0.381470, -0.681625, -0.909027
89, 0.402649, -0.647079, -0.846359
91, 0.373810, -0.636246, -0.709091
91, 0.408401, -0.652969, -0.778687
93, 0.329697, -0.621979, -0.707382
93, 0.309174, -0.650894, -0.807510
95, 0.354004, -0.692581, -0.925995
96, 0.445343, -0.735764, -0.994324
97, 0.500046, -0.739594, -0.926620
97, 0.469467, -0.664368, -0.736038
99, 0.390518, -0.556488, -0.628143
99, 0.289383, -0.469818, -0.641052
101, 0.098175, -0.437088, -0.929443
101, 0.180115, -0.424683, -0.741409
103, 0.082626, -0.440857, -0.890381
103, 0.081360, -0.423080, -0.763657
105, 0.259750, -0.329056, -0.850037
105, 0.144226, -0.368927, -0.716736
107, 0.392960, -0.305740, -0.948212
107, 0.516373, -0.299469, -1.019211
109, 0.539948, -0.362289, -1.175064
109, 0.453094, -0.483887, -1.185684
111, 0.466370, -0.605530, -1.138046
111, 0.446716, -0.576584, -1.169037
113, 0.445206, -0.568665, -1.085358
113, 0.363113, -0.430740, -0.994247
115, 0.295471, -0.340240, -0.916473
115, 0.176468, -0.404556, -0.755737
117, 0.005905, -0.497314, -0.608994
118, -0.141556, -0.568573, -0.548645
119, -0.242172, -0.596588, -0.495529
119, -0.288620, -0.632889, -0.505814
121, -0.233322, -0.676453, -0.657318
121, -0.228043, -0.651367, -1.029419
123, -0.086914, -0.615280, -1.427917
123, -0.108551, -0.530960, -1.426987
125, -0.117035, -0.456619, -1.302185
126, -0.176392, -0.460693, -0.999939
127, -0.303558, -0.518906, -0.710602
128, -0.475220, -0.578247, -0.459930
129, -0.618515, -0.611588, -0.444763
129, -0.661865, -0.595688, -0.510193
131, -0.665588, -0.494232, -0.518890
132, -0.609406, -0.407654, -0.464706
133, -0.511902, -0.443253, -0.415756
133, -0.422577, -0.570801, -0.309525
135, -0.401825, -0.664917, -0.171585
135, -0.467880, -0.696472, 0.009186
137, -0.530090, -0.704483, 0.275146
137, -0.577530, -0.749985, 0.482285
139, -0.630447, -0.792572, 0.652679
139, -0.632950, -0.797119, 0.758957
141, -0.640610, -0.772034, 0.690826
141, -0.597290, -0.732040, 0.534485
143, -0.337494, -0.578033, 0.114441
143, -0.515686, -0.654465, 0.349716
145, -0.105164, -0.541473, -0.157745
145, 0.107986, -0.519531, -0.516220
147, 0.286133, -0.491974, -0.854202
147, 0.348724, -0.500046, -1.150574
149, 0.287689, -0.470352, -1.383682
149, 0.140793, -0.455765, -1.557495
151, -0.042542, -0.496918, -1.643539
151, -0.188766, -0.456573, -1.573578
153, -0.263474, -0.477448, -1.383102
154, -0.258377, -0.570877, -1.185913
155, -0.224014, -0.658386, -0.955200
155, -0.164688, -0.699127, -0.716278
157, -0.091324, -0.668823, -0.524857
157, -0.117325, -0.616882, -0.432053
159, -0.322281, -0.519348, -0.540680
159, -0.384186, -0.496429, -0.772598
161, -0.343704, -0.596146, -0.911118
161, -0.324554, -0.675369, -0.975784
163, -0.332886, -0.660141, -0.921326
164, -0.317657, -0.603271, -0.826797
165, -0.288864, -0.601913, -0.722504
166, -0.281433, -0.651459, -0.610153
167, -0.303970, -0.711807, -0.490921
168, -0.298676, -0.685074, -0.431503
169, -0.267838, -0.669922, -0.430801
169, -0.240479, -0.696930, -0.464722
171, -0.172363, -0.674194, -0.539459
171, -0.091721, -0.646088, -0.639160
173, -0.039444, -0.586685, -0.792740
173, -0.006073, -0.556412, -0.911469
175, -0.003510, -0.544434, -1.037918
176, 0.007111, -0.547485, -1.167023
177, -0.011505, -0.588776, -1.205856
178, -0.068161, -0.620804, -1.241989
179, -0.113892, -0.612671, -1.217438
179, -0.167175, -0.648254, -1.106644
181, -0.181046, -0.698151, -0.978348
181, -0.158585, -0.713150, -0.834717
183, -0.108643, -0.696579, -0.670944
183, -0.021729, -0.673492, -0.496231
185, 0.053787, -0.681061, -0.375381
185, 0.104416, -0.690216, -0.331543
187, 0.114304, -0.685532, -0.411758
187, 0.100662, -0.691818, -0.497223
189, 0.050827, -0.697983, -0.503860
189, -0.009689, -0.704376, -0.455582
191, -0.087402, -0.707794, -0.392548
192, -0.169357, -0.680817, -0.431702
193, -0.319946, -0.663086, -0.685806
194, -0.254547, -0.649963, -0.544067
195, -0.340149, -0.682724, -0.818008
196, -0.333359, -0.707794, -0.866180
197, -0.320633, -0.726822, -0.820389
198, -0.323196, -0.748352, -0.721664
199, -0.344620, -0.769318, -0.615021
199, -0.407486, -0.772842, -0.535141
201, -0.482758, -0.796448, -0.478699
201, -0.537628, -0.789246, -0.446671
203, -0.637085, -0.841171, -0.315491
203, -0.587799, -0.815720, -0.390091
205, -0.670074, -0.805038, -0.281830
206, -0.682892, -0.762604, -0.287476
207, -0.651855, -0.709183, -0.330017
207, -0.560486, -0.631500, -0.380005
209, -0.431763, -0.607132, -0.480881
209, -0.283524, -0.592178, -0.571915
211, -0.089935, -0.585571, -0.796219
211, -0.191940, -0.589005, -0.661346
213, -0.006165, -0.584396, -0.946777
214, 0.062637, -0.579880, -1.093262
215, 0.104141, -0.550629, -1.173492
216, 0.140060, -0.540237, -1.176453
217, 0.144043, -0.566208, -1.110260
217, 0.115250, -0.591232, -0.985687
219, 0.066849, -0.623032, -0.864655
219, 0.008911, -0.659027, -0.765045
221, -0.117172, -0.692780, -0.628174
221, -0.057343, -0.687881, -0.689590
223, -0.155991, -0.682999, -0.625717
223, -0.163162, -0.679688, -0.688766
225, -0.157486, -0.698364, -0.771454
225, -0.140244, -0.692047, -0.823380
227, -0.096710, -0.691589, -0.836502
227, -0.041275, -0.690674, -0.838837
229, 0.003082, -0.694489, -0.828125
229, 0.020782, -0.690765, -0.805893
231, 0.014862, -0.681107, -0.793991
231, -0.003632, -0.684006, -0.793854
233, -0.043396, -0.687408, -0.769531
234, -0.083771, -0.699219, -0.731857
235, -0.121704, -0.697128, -0.710434
235, -0.134338, -0.686722, -0.678131
237, -0.142319, -0.683777, -0.665283
237, -0.125305, -0.692032, -0.672989
239, -0.095840, -0.703522, -0.685944
239, -0.108841, -0.707870, -0.707184
241, -0.122772, -0.705505, -0.695587
241, -0.107681, -0.705353, -0.677994
243, -0.024384, -0.726028, -0.406052
244, 0.035995, -0.739105, -0.592041
245, -0.011459, -0.727463, -0.657501
246, -0.066162, -0.699600, -0.766281
247, -0.084961, -0.710114, -0.793396
247, -0.092438, -0.717514, -0.815598
249, -0.099915, -0.715378, -0.815643
249, -0.100800, -0.720596, -0.800079
251, -0.083344, -0.728775, -0.732361
251, -0.024963, -0.733353, -0.644455
